0 0 16
0 0 322
1 1 457
0 0 46
0 0 22
0 0 67
2 5 490
1 1 130
1 1 160
2 2 220
2 2 301
0 0 88
1 1 106
0 0 145
0 0 148
0 0 148
0 0 193
1 1 169
0 0 172
0 0 181
0 0 181
0 0 196
2 3 751
0 0 166
0 0 283
1 1 409
2 2 415
1 3 1027
2 3 505
1 1 343
0 0 160
2 5 841
1 1 256
1 1 433
1 1 499
0 0 145
1 1 295
1 1 394
0 0 121
1 3 565
0 0 145
0 0 304
3 6 805
0 0 340
1 1 397
0 0 421
1 1 478
0 0 268
0 0 133
0 0 274
1 1 265
1 1 394
0 0 166
0 0 328
1 1 367
1 1 346
1 1 103
0 0 97
1 2 502
0 0 154
1 4 1126
0 0 70
0 0 232
0 0 70
1 3 850
0 0 40
2 7 1705
0 0 25
0 0 76
0 0 133
0 0 220
0 0 106
0 0 94
0 0 103
0 0 205
1 2 349
0 0 208
0 0 37
0 0 88
0 0 64
1 1 118
1 1 157
0 0 112
0 0 205
1 1 175
0 0 34
1 1 358
1 1 517
0 0 169
0 0 19
0 0 37
3 4 790
0 0 37
0 0 43
0 0 133
0 0 7
0 0 16
0 0 19
0 0 49
1 1 457
0 0 136
0 0 172
1 1 274
0 0 238
0 0 145
1 1 229
0 0 118
0 0 154
0 0 160
0 0 40
0 0 130
0 0 127
0 0 106
0 0 40
0 0 250
0 0 127
0 0 13
0 0 58
0 0 16
1 1 172
0 0 79
0 0 202
0 0 154
0 0 100
1 1 226
0 0 265
0 0 166
1 1 160
0 0 112
1 1 94
2 2 358
0 0 28
1 1 238
0 0 220
1 1 205
0 0 76
2 4 565
1 2 244
0 0 82
1 4 616
1 2 313
2 4 394
0 0 205
2 6 550
1 6 622
1 1 178
1 1 310
1 2 442
2 5 745
0 0 139
0 0 115
2 3 418
0 0 172
0 0 148
0 0 34
0 0 55
0 0 127
1 1 376
1 1 379
1 1 316
0 0 157
0 0 286
0 0 76
0 0 43
0 0 91
0 0 100
0 0 70
0 0 238
3 7 832
0 0 166
2 2 460
2 5 907
0 0 118
0 0 100
1 2 379
0 0 25
0 0 55
0 0 25
0 0 55
0 0 112
0 0 166
1 2 340
1 3 346
0 0 79
0 0 499
0 0 304
1 1 196
0 0 349
0 0 172
0 0 148
0 0 34
0 0 55
0 0 127
0 0 202
1 1 148
1 2 484
1 1 307
1 1 160
2 4 418
1 1 139
1 2 178
1 1 136
1 1 115
2 3 259
0 0 19
1 1 217
0 0 82
1 2 298
1 2 337
0 0 193
0 0 37
0 0 91
0 0 100
1 7 826
1 2 268
1 11 838
0 0 82
1 5 706
1 5 1069
0 0 154
0 0 82
0 0 193
0 0 109
0 0 7
0 0 7
0 0 31
1 1 73
0 0 46
0 0 25
0 0 28
0 0 13
0 0 43
0 0 94
0 0 76
0 0 13
0 0 199
0 0 238
1 1 118
0 0 376
0 0 178
0 0 130
0 0 127
1 1 202
1 11 802
0 0 799
0 0 337
1 2 220
1 2 259
1 1 205
0 0 91
0 0 55
0 0 193
1 1 265
0 0 418
0 0 145
0 0 166
0 0 73
0 0 85
3 4 355
0 0 70
0 0 166
0 0 55
0 0 37
0 0 244
0 0 112
1 1 283
1 1 286
0 0 136
0 0 175
0 0 166
0 0 178
0 0 175
0 0 139
0 0 10
0 0 55
0 0 88
0 0 40
0 0 349
0 0 355
0 0 118
0 0 199
0 0 277
0 0 244
0 0 280
0 0 181
0 0 145
1 3 329
0 0 214
0 0 136
0 0 76
0 0 166
0 0 73
0 0 85
1 2 172
0 0 55
1 1 151
0 0 70
0 0 196
0 0 55
0 0 85
0 0 244
0 0 112
0 0 145
0 0 82
1 2 454
0 0 148
0 0 205
0 0 103
0 0 151
1 20 1573
2 19 4012
0 0 109
0 0 217
1 1 238
0 0 190
0 0 109
0 0 118
1 4 532
1 2 724
0 0 67
1 1 277
0 0 193
1 4 1207
1 1 253
0 0 265
2 9 1108
1 5 1009
2 2 526
1 1 439
0 0 154
0 0 94
0 0 85
0 0 64
0 0 124
1 2 250
1 4 985
0 0 244
0 0 211
0 0 238
0 0 124
0 0 313
1 3 319
1 4 1123
1 11 856
2 3 697
0 0 52
0 0 208
0 0 106
0 0 142
0 0 295
0 0 268
0 0 238
0 0 103
0 0 130
0 0 103
0 0 112
0 0 214
0 0 148
1 1 202
0 0 139
0 0 154
0 0 196
0 0 250
0 0 136
0 0 82
0 0 196
2 2 463
1 3 727
1 16 4474
0 0 58
0 0 22
0 0 34
1 1 286
1 1 331
1 1 295
0 0 151
0 0 100
0 0 163
0 0 79
0 0 130
0 0 205
0 0 205
0 0 322
2 6 856
0 0 160
0 0 88
1 1 247
1 7 430
0 0 82
1 5 670
1 1 205
0 0 127
1 1 376
2 7 1060
0 0 268
0 0 166
1 1 136
0 0 76
0 0 37
0 0 76
0 0 58
0 0 76
0 0 46
0 0 193
0 0 115
0 0 319
1 1 388
1 4 730
1 2 253
0 0 469
1 10 574
0 0 82
1 13 1021
2 5 2335
1 11 868
2 13 2710
1 1 250
0 0 145
0 0 64
0 0 76
0 0 127
1 1 343
0 0 184
0 0 166
0 0 202
0 0 322
0 0 124
0 0 199
0 0 73
1 2 157
1 1 1135
1 6 892
0 0 169
0 0 88
1 1 241
1 7 430
0 0 82
1 6 817
1 1 202
0 0 121
1 1 373
2 8 1195
0 0 292
0 0 178
1 1 136
0 0 76
0 0 37
0 0 76
0 0 58
0 0 76
0 0 46
0 0 193
0 0 115
0 0 343
1 1 385
1 5 838
1 2 253
0 0 469
1 10 574
0 0 82
1 1 493
0 0 346
0 0 118
1 1 499
0 0 361
0 0 133
0 0 511
0 0 496
1 11 739
2 7 2971
1 11 865
2 13 2710
1 3 751
0 0 160
0 0 88
1 1 247
1 7 430
0 0 82
0 0 400
0 0 76
0 0 13
0 0 55
0 0 127
1 1 271
0 0 112
0 0 124
0 0 85
1 1 205
2 5 1177
3 3 754
1 2 532
0 0 154
1 2 268
0 0 205
1 1 448
0 0 97
1 1 166
1 2 736
0 0 178
1 1 349
0 0 154
0 0 88
0 0 172
0 0 160
0 0 112
1 1 211
0 0 115
0 0 307
0 0 166
1 2 166
0 0 232
1 3 301
0 0 82
0 0 112
0 0 82
1 1 295
1 1 274
1 1 304
0 0 373
0 0 133
0 0 160
1 2 187
0 0 220
1 2 373
0 0 271
0 0 130
0 0 217
0 0 136
0 0 67
0 0 73
0 0 100
0 0 154
1 1 310
1 1 457
1 1 511
1 1 499
1 3 481
0 0 205
1 7 1312
0 0 337
1 2 526
0 0 211
0 0 184
0 0 277
0 0 211
0 0 82
0 0 154
0 0 166
0 0 163
1 12 712
0 0 82
0 0 70
0 0 16
0 0 157
0 0 151
0 0 58
0 0 52
0 0 37
0 0 37
0 0 37
0 0 94
0 0 133
0 0 40
0 0 16
0 0 61
0 0 76
1 1 202
0 0 313
0 0 205
0 0 220
1 26 2005
4 16 3847
1 14 1048
1 4 1909
1 2 196
1 4 1513
2 2 346
0 0 139
0 0 220
0 0 232
0 0 124
0 0 58
0 0 52
0 0 100
0 0 22
0 0 40
0 0 157
0 0 97
0 0 154
1 5 595
1 1 1720
1 14 1024
1 2 664
1 2 352
0 0 151
0 0 229
1 1 220
0 0 211
1 1 517
0 0 124
0 0 133
0 0 139
0 0 163
0 0 166
0 0 199
1 1 304
0 0 268
0 0 67
0 0 61
0 0 58
1 1 139
0 0 148
0 0 235
1 1 463
0 0 25
0 0 88
1 1 145
1 3 568
1 1 1132
1 12 934
1 2 709
0 0 139
0 0 85
0 0 22
0 0 100
0 0 313
0 0 37
0 0 37
0 0 142
1 1 178
0 0 166
0 0 40
0 0 16
0 0 61
0 0 76
1 1 202
0 0 205
0 0 295
0 0 76
0 0 178
1 1 172
0 0 133
0 0 112
0 0 145
0 0 163
0 0 184
0 0 34
0 0 76
1 1 250
1 1 292
0 0 88
0 0 37
0 0 31
1 1 298
1 1 190
1 1 322
1 1 211
0 0 100
0 0 85
1 1 355
0 0 109
1 13 790
0 0 247
0 0 112
0 0 64
0 0 97
0 0 97
0 0 58
0 0 208
0 0 85
1 1 136
1 2 469
0 0 97
0 0 241
1 12 895
0 0 82
1 1 199
0 0 55
1 1 238
0 0 148
1 2 538
0 0 199
1 1 472
0 0 25
0 0 88
1 1 145
1 5 628
1 3 2059
1 14 1066
1 2 667
0 0 220
0 0 139
0 0 85
0 0 22
0 0 97
0 0 157
0 0 154
0 0 313
0 0 40
0 0 142
0 0 145
0 0 181
0 0 76
0 0 178
1 1 202
0 0 133
1 1 280
0 0 163
0 0 145
0 0 151
0 0 178
0 0 268
0 0 205
0 0 31
0 0 52
0 0 76
0 0 88
0 0 37
0 0 31
1 1 184
1 2 649
0 0 49
0 0 142
0 0 49
1 18 1324
0 0 1225
1 1 262
1 2 538
1 1 409
1 1 232
0 0 82
1 1 316
1 1 325
0 0 103
0 0 196
0 0 112
0 0 148
0 0 25
0 0 22
1 1 370
0 0 160
0 0 16
1 1 85
0 0 13
0 0 160
0 0 46
0 0 106
0 0 16
0 0 112
1 7 538
2 18 4612
1 6 859
2 17 2980
1 2 235
1 9 2179
0 0 115
0 0 136
0 0 166
0 0 157
0 0 148
1 1 475
0 0 133
0 0 151
1 1 265
0 0 199
0 0 58
1 1 163
0 0 58
1 1 142
0 0 160
1 3 478
0 0 175
0 0 142
0 0 160
1 1 610
1 1 283
0 0 241
0 0 409
0 0 73
1 2 295
1 2 505
1 1 349
0 0 313
0 0 217
0 0 148
0 0 127
0 0 55
0 0 202
0 0 202
0 0 184
1 1 409
0 0 85
1 1 379
1 1 277
0 0 109
0 0 136
0 0 262
1 1 259
0 0 16
1 1 241
0 0 37
1 1 274
1 1 262
0 0 16
0 0 76
0 0 34
0 0 82
0 0 37
0 0 214
0 0 160
0 0 469
0 0 106
0 0 439
0 0 112
1 1 568
2 2 298
1 1 370
0 0 196
0 0 112
0 0 211
0 0 37
0 0 22
1 1 130
0 0 19
0 0 376
0 0 154
0 0 214
1 1 163
0 0 103
0 0 298
0 0 124
0 0 550
0 0 349
1 2 265
2 9 1519
0 0 148
1 10 817
1 1 436
1 3 466
0 0 121
0 0 229
1 1 229
0 0 154
0 0 103
0 0 178
0 0 88
0 0 109
0 0 19
0 0 67
0 0 178
0 0 55
0 0 37
0 0 256
0 0 103
0 0 115
1 3 382
1 1 1492
1 18 1498
1 1 430
1 2 631
0 0 22
0 0 25
0 0 22
0 0 43
0 0 34
0 0 46
0 0 217
0 0 67
0 0 181
0 0 70
1 1 199
0 0 61
0 0 220
0 0 70
0 0 178
0 0 22
0 0 52
0 0 70
0 0 178
0 0 55
0 0 73
0 0 94
0 0 247
0 0 112
1 1 427
1 1 286
1 1 298
0 0 136
0 0 208
0 0 190
0 0 211
0 0 160
1 4 1282
1 2 1072
0 0 223
0 0 199
0 0 229
0 0 187
0 0 238
0 0 163
0 0 121
0 0 166
1 1 202
1 1 196
0 0 292
0 0 136
0 0 139
0 0 301
1 14 1054
0 0 811
0 0 217
0 0 88
0 0 103
0 0 64
0 0 70
0 0 151
0 0 184
0 0 52
1 1 100
0 0 55
0 0 115
0 0 157
0 0 70
0 0 61
0 0 91
1 1 208
0 0 49
0 0 259
0 0 172
1 13 895
0 0 1594
1 1 217
1 15 910
1 21 4417
1 2 265
1 1 178
0 0 58
0 0 184
0 0 109
0 0 88
0 0 118
1 1 157
1 1 325
0 0 235
0 0 25
2 2 331
1 1 148
1 1 292
0 0 169
1 1 106
1 1 271
1 1 226
0 0 76
0 0 100
0 0 94
0 0 238
0 0 148
0 0 139
0 0 283
1 2 166
0 0 82
0 0 121
1 20 1600
0 0 82
1 1 289
0 0 85
0 0 100
0 0 25
1 1 79
1 1 88
0 0 199
0 0 76
0 0 148
0 0 100
0 0 163
1 1 256
0 0 157
0 0 25
0 0 91
0 0 88
0 0 73
0 0 91
0 0 175
0 0 88
0 0 91
0 0 46
0 0 37
0 0 259
1 1 337
0 0 286
0 0 94
0 0 118
1 1 265
0 0 97
1 1 151
1 8 691
0 0 283
0 0 253
0 0 7
0 0 73
0 0 40
0 0 82
0 0 133
1 1 235
0 0 184
0 0 190
0 0 73
0 0 67
0 0 79
0 0 199
0 0 25
1 1 598
0 0 100
0 0 46
0 0 85
0 0 109
0 0 373
0 0 274
0 0 52
1 14 2107
1 5 1768
1 7 604
2 3 751
0 0 130
0 0 154
1 1 319
0 0 25
0 0 43
0 0 22
0 0 70
0 0 175
0 0 133
1 1 136
0 0 142
0 0 166
1 1 139
1 1 223
0 0 112
1 1 127
0 0 82
0 0 67
0 0 70
1 1 148
0 0 241
0 0 94
1 6 481
0 0 364
0 0 298
0 0 124
2 2 193
0 0 313
0 0 46
0 0 217
0 0 148
0 0 37
0 0 58
0 0 130
0 0 226
0 0 250
0 0 208
0 0 163
0 0 34
0 0 55
0 0 127
0 0 217
0 0 172
0 0 172
0 0 76
0 0 25
0 0 49
0 0 106
0 0 136
0 0 70
0 0 223
0 0 421
0 0 151
1 1 178
2 3 766
1 1 253
0 0 118
1 13 856
1 1 376
0 0 313
0 0 160
0 0 382
0 0 97
0 0 145
1 19 1639
2 8 2242
0 0 238
0 0 136
0 0 265
0 0 268
0 0 109
0 0 286
0 0 424
0 0 145
0 0 70
0 0 61
0 0 67
0 0 58
0 0 73
0 0 64
0 0 100
0 0 103
0 0 130
0 0 82
0 0 139
0 0 208
0 0 223
1 1 307
0 0 145
2 2 448
0 0 151
0 0 76
0 0 28
0 0 115
0 0 70
1 1 442
1 1 160
2 4 1138
1 1 388
0 0 190
0 0 88
0 0 109
0 0 19
0 0 67
1 1 268
1 1 904
0 0 277
1 1 436
1 1 361
0 0 346
0 0 100
0 0 163
0 0 142
0 0 100
0 0 154
0 0 85
0 0 106
0 0 139
0 0 157
0 0 178
0 0 166
0 0 307
0 0 208
0 0 163
0 0 34
0 0 55
0 0 127
0 0 217
1 3 346
1 1 466
0 0 388
0 0 322
0 0 22
0 0 7
1 1 130
0 0 79
0 0 487
0 0 304
0 0 316
0 0 325
1 1 355
0 0 100
0 0 46
0 0 85
0 0 109
0 0 355
0 0 172
0 0 184
1 1 139
0 0 82
0 0 124
3 8 1081
0 0 85
1 13 1288
0 0 193
0 0 130
0 0 154
1 2 331
0 0 103
0 0 292
0 0 109
1 1 178
0 0 91
0 0 49
0 0 64
1 1 229
0 0 64
1 1 268
0 0 49
1 1 235
0 0 67
1 1 367
0 0 100
0 0 121
0 0 100
0 0 241
0 0 127
0 0 70
1 1 148
1 1 295
1 1 544
0 0 292
0 0 124
1 1 205
0 0 46
0 0 214
0 0 148
0 0 37
0 0 58
0 0 130
0 0 226
0 0 250
0 0 220
0 0 163
0 0 34
0 0 55
0 0 127
0 0 217
0 0 172
0 0 172
0 0 76
0 0 25
0 0 49
0 0 136
0 0 70
0 0 223
0 0 421
0 0 151
1 1 178
2 3 766
1 1 253
0 0 277
0 0 118
0 0 229
0 0 229
0 0 151
0 0 190
1 1 607
1 9 652
0 0 82
0 0 154
0 0 172
0 0 184
0 0 187
0 0 253
0 0 214
0 0 121
1 2 292
1 1 232
0 0 112
0 0 106
0 0 61
0 0 187
0 0 37
0 0 31
0 0 73
0 0 70
0 0 187
0 0 55
0 0 61
0 0 268
0 0 112
1 1 328
1 1 319
0 0 136
0 0 136
0 0 82
0 0 232
0 0 196
0 0 220
0 0 163
2 2 403
1 1 277
1 1 295
0 0 172
0 0 193
0 0 142
0 0 445
0 0 196
0 0 97
1 2 251
0 0 280
1 18 1501
5 16 4204
1 3 622
5 15 4099
1 1 430
1 1 202
0 0 298
1 1 337
1 1 373
1 20 1813
0 0 82
0 0 334
0 0 100
0 0 412
0 0 439
0 0 175
0 0 115
1 2 421
1 1 328
0 0 79
1 1 196
0 0 241
0 0 127
0 0 73
2 2 451
0 0 97
1 1 715
0 0 139
1 1 229
0 0 109
0 0 97
0 0 64
0 0 88
0 0 112
0 0 85
0 0 97
0 0 91
0 0 115
1 2 562
0 0 100
0 0 205
0 0 136
1 1 352
0 0 487
2 3 334
1 1 301
1 20 1918
0 0 439
2 2 610
2 5 895
0 0 61
0 0 55
0 0 145
1 1 211
0 0 139
0 0 55
1 1 277
1 1 427
0 0 142
1 1 352
2 3 355
1 1 211
0 0 268
0 0 187
0 0 151
1 2 415
0 0 316
1 1 304
1 1 235
1 1 211
0 0 268
2 2 304
0 0 163
0 0 100
0 0 265
0 0 346
0 0 169
0 0 223
1 2 550
0 0 88
1 1 205
0 0 202
0 0 37
0 0 28
0 0 70
0 0 247
0 0 55
1 1 211
0 0 268
0 0 112
1 1 307
1 1 319
0 0 136
0 0 136
0 0 82
1 1 478
0 0 313
0 0 241
0 0 310
0 0 220
0 0 10
0 0 121
0 0 193
0 0 91
0 0 280
1 2 341
0 0 448
0 0 232
1 2 895
1 3 493
0 0 184
0 0 100
0 0 163
0 0 130
0 0 100
1 1 205
0 0 142
1 1 208
0 0 199
0 0 73
0 0 70
0 0 34
0 0 133
0 0 268
0 0 208
1 1 409
1 1 445
0 0 109
1 1 511
1 1 583
1 1 196
0 0 82
1 1 364
0 0 322
0 0 325
0 0 103
0 0 34
0 0 103
0 0 49
0 0 103
0 0 160
0 0 388
0 0 103
0 0 28
0 0 103
0 0 34
0 0 103
0 0 49
0 0 103
0 0 160
0 0 109
1 1 436
1 1 367
1 9 769
1 5 1336
0 0 388
1 7 640
0 0 82
1 2 277
0 0 22
0 0 7
0 0 40
1 1 355
0 0 109
0 0 46
0 0 85
0 0 109
0 0 355
0 0 85
0 0 82
0 0 490
0 0 307
0 0 112
0 0 49
0 0 133
0 0 82
0 0 109
0 0 160
0 0 187
0 0 175
0 0 73
0 0 145
0 0 127
0 0 178
1 2 580
1 1 469
1 2 331
1 2 727
0 0 106
0 0 292
1 1 277
0 0 160
0 0 55
0 0 388
0 0 55
0 0 382
0 0 55
0 0 382
0 0 43
0 0 220
0 0 136
0 0 34
0 0 73
0 0 34
0 0 79
0 0 49
0 0 28
1 15 1699
1 5 3694
1 1 430
0 0 115
0 0 199
0 0 166
1 1 334
1 1 418
0 0 172
2 5 388
0 0 16
1 2 238
1 2 205
3 10 1147
1 1 94
1 1 163
1 2 286
1 1 106
2 5 955
1 1 169
1 2 427
0 0 82
0 0 163
1 2 358
0 0 499
0 0 184
0 0 46
0 0 334
0 0 364
0 0 292
0 0 163
1 1 418
1 2 439
0 0 136
1 1 118
0 0 7
1 2 211
1 2 145
0 0 58
0 0 40
1 2 154
1 1 361
0 0 58
0 0 184
0 0 106
2 2 220
1 2 361
1 1 199
1 2 529
0 0 208
0 0 70
0 0 79
1 1 91
1 1 265
1 2 136
1 1 358
0 0 310
0 0 109
0 0 172
1 1 358
1 1 121
0 0 199
0 0 97
1 7 997
0 0 190
0 0 22
0 0 364
0 0 229
0 0 25
0 0 82
0 0 7
0 0 25
0 0 223
0 0 106
1 2 331
0 0 259
0 0 271
0 0 175
1 1 622
1 1 571
2 2 451
0 0 334
2 2 490
0 0 214
0 0 166
0 0 325
0 0 118
1 1 685
0 0 205
0 0 394
0 0 109
1 1 235
0 0 160
0 0 172
1 1 481
2 5 973
1 2 646
1 1 76
0 0 31
0 0 61
0 0 61
1 1 388
0 0 193
0 0 187
0 0 76
0 0 37
0 0 55
0 0 118
0 0 325
0 0 148
0 0 169
0 0 229
0 0 298
0 0 136
0 0 142
1 1 226
0 0 133
0 0 67
3 6 1003
0 0 274
0 0 142
0 0 151
0 0 289
1 1 493
0 0 157
0 0 151
0 0 172
0 0 142
1 1 226
0 0 133
0 0 67
0 0 73
0 0 274
0 0 142
0 0 151
0 0 289
1 1 493
0 0 157
0 0 151
0 0 172
1 1 166
0 0 19
0 0 19
0 0 25
0 0 7
1 3 172
1 4 427
2 4 487
1 3 481
0 0 70
1 1 268
0 0 106
0 0 70
2 4 625
0 0 94
1 1 169
0 0 94
2 3 286
0 0 34
2 3 196
1 1 112
2 3 199
2 2 592
0 0 109
1 3 844
1 1 121
1 2 535
1 1 121
1 2 535
1 1 121
1 2 535
1 1 94
1 1 265
1 1 94
1 1 265
1 1 94
1 1 265
2 2 529
0 0 280
1 1 190
1 1 283
0 0 112
0 0 13
0 0 157
0 0 19
0 0 139
0 0 25
0 0 94
0 0 25
0 0 106
0 0 25
0 0 94
0 0 19
0 0 55
1 1 118
0 0 97
0 0 130
0 0 19
0 0 55
0 0 97
0 0 97
0 0 172
0 0 19
0 0 55
1 1 193
0 0 58
0 0 106
0 0 166
0 0 388
1 1 382
2 4 784
0 0 292
0 0 367
0 0 148
0 0 625
0 0 364
2 6 1537
1 1 499
0 0 391
1 1 283
1 1 763
0 0 319
1 2 562
0 0 313
0 0 403
0 0 724
0 0 367
1 1 391
1 1 148
0 0 31
1 1 163
0 0 28
1 1 142
0 0 37
1 1 253
0 0 28
1 1 172
0 0 31
0 0 106
0 0 25
1 1 148
0 0 25
0 0 469
0 0 274
0 0 352
1 1 217
0 0 190
0 0 7
0 0 94
0 0 199
1 1 505
0 0 139
0 0 379
0 0 601
0 0 103
0 0 505
0 0 193
0 0 214
0 0 274
1 1 484
0 0 145
0 0 214
0 0 199
1 1 610
0 0 139
1 1 340
0 0 226
2 3 544
0 0 88
0 0 181
0 0 274
0 0 244
1 1 430
0 0 91
1 2 358
0 0 19
1 1 94
1 1 127
1 1 136
1 1 337
0 0 109
0 0 142
0 0 124
0 0 127
0 0 7
1 1 394
0 0 175
0 0 235
0 0 229
0 0 142
0 0 115
0 0 40
0 0 163
0 0 205
0 0 118
0 0 217
0 0 265
0 0 115
0 0 121
1 1 163
0 0 97
0 0 139
0 0 241
0 0 49
0 0 226
0 0 463
1 1 211
0 0 115
0 0 52
0 0 58
0 0 133
1 1 328
0 0 289
0 0 223
0 0 79
0 0 64
0 0 64
0 0 64
0 0 247
0 0 325
0 0 166
0 0 463
0 0 193
1 1 625
0 0 223
0 0 19
0 0 34
0 0 22
0 0 52
0 0 52
0 0 115
0 0 61
0 0 61
0 0 187
0 0 34
1 2 469
1 1 397
0 0 73
0 0 94
0 0 115
0 0 142
1 1 178
0 0 181
0 0 298
2 3 826
0 0 211
0 0 403
0 0 499
0 0 202
0 0 310
0 0 91
0 0 235
0 0 463
0 0 763
1 1 388
0 0 352
0 0 175
0 0 58
0 0 43
0 0 277
1 2 319
1 1 331
0 0 151
1 3 538
0 0 244
1 3 346
1 1 187
1 2 367
1 1 427
0 0 259
1 1 544
0 0 175
0 0 58
2 4 913
0 0 307
1 2 775
0 0 436
0 0 46
1 1 151
0 0 70
0 0 127
0 0 109
0 0 160
0 0 112
0 0 166
0 0 127
0 0 172
0 0 82
1 1 487
0 0 178
1 1 640
0 0 88
0 0 205
0 0 211
0 0 214
1 2 619
0 0 58
0 0 154
2 3 388
1 2 262
1 1 187
0 0 103
0 0 121
0 0 160
0 0 118
0 0 139
1 2 532
0 0 124
1 3 334
0 0 37
1 1 82
0 0 151
0 0 175
0 0 109
1 1 127
0 0 298
1 2 229
0 0 202
1 1 223
0 0 115
0 0 118
0 0 130
0 0 115
0 0 172
1 2 448
0 0 7
1 1 220
0 0 136
1 1 247
1 2 346
0 0 52
0 0 85
0 0 109
0 0 64
0 0 55
1 1 160
0 0 160
0 0 244
0 0 163
2 3 532
0 0 223
0 0 373
1 2 208
1 1 298
1 1 517
0 0 82
0 0 133
1 2 484
0 0 130
0 0 148
0 0 34
0 0 55
0 0 127
0 0 202
0 0 241
1 1 457
0 0 136
0 0 271
0 0 91
0 0 82
1 2 190
0 0 259
0 0 112
0 0 133
0 0 211
0 0 55
0 0 13
0 0 73
0 0 49
1 1 433
1 2 274
0 0 115
0 0 103
0 0 43
0 0 40
1 1 460
1 1 148
1 1 181
0 0 94
0 0 61
0 0 64
0 0 73
0 0 76
0 0 70
0 0 61
0 0 76
0 0 79
0 0 115
0 0 70
0 0 40
0 0 265
0 0 244
1 1 199
0 0 91
0 0 61
0 0 103
0 0 43
0 0 40
0 0 97
0 0 250
0 0 118
0 0 400
0 0 82
0 0 82
0 0 250
1 1 199
0 0 85
0 0 94
0 0 61
0 0 64
0 0 73
0 0 76
0 0 70
0 0 61
0 0 76
0 0 79
0 0 91
0 0 115
0 0 61
0 0 70
0 0 40
0 0 265
0 0 175
0 0 184
0 0 82
0 0 82
0 0 244
1 1 193
1 1 268
1 1 310
0 0 88
1 1 184
0 0 238
0 0 127
0 0 127
0 0 103
0 0 37
0 0 43
0 0 40
0 0 118
0 0 400
0 0 175
0 0 556
0 0 88
0 0 658
0 0 250
1 1 181
1 1 196
0 0 94
0 0 82
0 0 64
0 0 73
0 0 97
0 0 70
0 0 82
0 0 76
0 0 100
1 1 313
1 1 289
0 0 82
1 2 328
0 0 238
0 0 127
0 0 340
0 0 226
2 2 517
0 0 226
0 0 217
0 0 184
0 0 70
0 0 37
0 0 40
0 0 427
0 0 352
0 0 169
0 0 226
1 2 535
0 0 121
0 0 424
0 0 175
0 0 556
0 0 88
0 0 646
1 2 487
0 0 100
0 0 124
0 0 64
0 0 202
0 0 154
0 0 34
0 0 55
0 0 127
0 0 208
0 0 154
1 1 196
1 1 238
2 2 454
0 0 109
1 2 685
0 0 148
1 1 220
0 0 322
1 1 478
0 0 94
1 6 466
0 0 505
0 0 157
1 2 382
0 0 82
1 13 835
0 0 82
0 0 184
1 13 838
0 0 82
0 0 151
0 0 163
0 0 76
0 0 19
1 1 271
0 0 91
0 0 121
0 0 70
0 0 217
0 0 130
0 0 244
0 0 142
1 1 313
0 0 169
0 0 325
1 1 202
0 0 244
0 0 115
0 0 226
0 0 166
0 0 34
0 0 55
0 0 127
0 0 220
0 0 172
1 1 208
1 1 256
0 0 247
2 3 742
0 0 148
1 1 220
1 1 304
0 0 280
0 0 31
2 2 301
0 0 76
0 0 112
1 1 682
0 0 322
1 1 163
1 1 265
1 1 880
0 0 361
0 0 163
0 0 226
0 0 166
0 0 34
0 0 55
0 0 127
0 0 220
2 3 319
0 0 88
0 0 79
0 0 82
1 1 400
1 1 151
0 0 67
0 0 190
0 0 154
0 0 34
0 0 55
0 0 127
0 0 208
0 0 154
0 0 160
0 0 322
0 0 151
0 0 163
0 0 76
0 0 19
1 1 244
0 0 121
0 0 70
0 0 217
0 0 148
0 0 247
0 0 136
1 1 313
0 0 169
0 0 325
0 0 109
0 0 97
0 0 214
0 0 166
0 0 34
0 0 55
0 0 127
0 0 220
0 0 139
0 0 229
0 0 397
0 0 163
0 0 214
0 0 166
0 0 34
0 0 55
0 0 127
0 0 220
2 2 343
0 0 88
0 0 79
0 0 82
1 4 709
1 3 445
0 0 193
0 0 76
0 0 19
0 0 115
0 0 100
0 0 124
0 0 70
0 0 217
0 0 409
0 0 145
1 1 178
2 3 742
1 1 247
0 0 118
1 1 172
0 0 217
1 2 361
1 2 577
0 0 256
0 0 220
0 0 34
0 0 55
0 0 127
0 0 274
1 1 232
0 0 160
0 0 97
0 0 172
0 0 214
0 0 286
0 0 391
0 0 187
1 1 235
0 0 172
0 0 103
0 0 118
0 0 205
1 1 283
0 0 118
0 0 148
0 0 205
0 0 133
0 0 115
0 0 172
0 0 283
0 0 259
0 0 118
0 0 250
0 0 121
0 0 373
0 0 334
0 0 400
0 0 61
0 0 43
0 0 64
0 0 100
0 0 133
0 0 67
0 0 55
0 0 61
0 0 43
0 0 67
0 0 70
0 0 55
0 0 73
0 0 49
0 0 277
1 2 295
1 5 523
1 2 325
2 6 1318
2 6 1339
2 4 931
0 0 100
1 3 475
1 1 151
0 0 82
1 23 1762
1 1 466
0 0 7
0 0 7
1 4 622
1 3 589
0 0 208
2 3 316
0 0 25
1 1 316
0 0 31
2 3 310
0 0 25
1 3 694
0 0 76
0 0 19
0 0 115
0 0 13
0 0 49
0 0 13
1 1 196
0 0 115
0 0 121
0 0 70
0 0 217
0 0 406
0 0 145
1 1 178
2 7 1093
1 1 247
1 2 892
0 0 118
1 1 196
3 7 1489
1 0 1381
0 0 433
0 0 574
0 0 121
0 0 115
0 0 160
0 0 97
0 0 172
0 0 166
0 0 256
0 0 235
0 0 67
1 1 481
1 1 634
0 0 88
1 6 583
0 0 91
0 0 493
1 2 508
1 5 826
1 4 814
1 1 328
0 0 142
0 0 292
0 0 136
1 1 304
1 2 385
1 1 232
0 0 88
1 1 211
0 0 31
1 1 196
0 0 97
1 2 412
1 3 313
0 0 82
0 0 259
0 0 157
0 0 61
1 7 973
1 2 457
0 0 217
1 1 427
1 1 235
1 1 271
0 0 319
0 0 130
1 1 295
0 0 82
1 1 238
0 0 112
0 0 115
0 0 124
0 0 223
0 0 202
0 0 85
0 0 67
1 1 79
0 0 22
1 1 106
0 0 322
0 0 304
0 0 445
1 2 397
1 1 568
0 0 58
1 1 367
0 0 82
1 2 298
2 6 790
1 10 736
0 0 82
1 5 571
0 0 82
0 0 103
0 0 70
0 0 16
0 0 40
0 0 22
1 1 145
0 0 178
0 0 136
0 0 31
0 0 49
0 0 142
0 0 232
1 6 721
1 4 1273
0 0 52
0 0 127
0 0 121
1 3 454
0 0 205
1 18 1507
0 0 82
0 0 205
0 0 202
0 0 184
0 0 148
0 0 286
0 0 268
0 0 106
0 0 73
0 0 79
1 1 232
1 1 388
0 0 217
0 0 94
0 0 154
1 1 349
0 0 376
0 0 16
0 0 16
0 0 265
0 0 136
0 0 79
0 0 52
0 0 55
0 0 37
0 0 37
0 0 94
0 0 79
0 0 172
0 0 217
0 0 133
0 0 40
0 0 16
0 0 61
0 0 76
1 1 202
0 0 232
0 0 88
0 0 37
0 0 175
0 0 151
1 2 283
0 0 658
1 14 1108
1 3 697
0 0 823
1 2 223
1 2 574
0 0 124
0 0 139
1 7 460
1 1 376
1 1 211
0 0 166
2 2 559
0 0 304
0 0 106
0 0 106
1 8 490
0 0 271
1 6 484
0 0 82
1 8 724
1 16 2122
1 1 568
0 0 106
0 0 115
0 0 235
0 0 235
0 0 319
1 1 331
0 0 91
0 0 418
0 0 142
0 0 85
0 0 208
0 0 247
0 0 148
0 0 175
0 0 196
1 1 451
0 0 49
0 0 37
1 1 217
0 0 148
0 0 133
0 0 148
0 0 172
0 0 37
0 0 37
0 0 64
0 0 100
0 0 133
0 0 115
0 0 457
0 0 463
0 0 307
0 0 211
0 0 208
0 0 163
0 0 250
0 0 322
1 1 529
0 0 328
1 2 397
0 0 292
0 0 76
1 1 385
2 2 466
0 0 223
0 0 157
0 0 148
0 0 121
0 0 79
2 2 337
0 0 97
0 0 157
1 3 523
0 0 169
0 0 292
0 0 157
0 0 148
1 2 205
1 1 634
1 1 598
0 0 349
0 0 352
1 1 280
0 0 214
0 0 220
0 0 406
0 0 337
1 1 313
0 0 331
0 0 424
0 0 46
0 0 46
0 0 43
0 0 82
0 0 235
0 0 157
0 0 124
0 0 55
0 0 226
0 0 211
0 0 547
1 7 1030
0 0 82
1 10 823
1 1 1093
0 0 5689
0 0 481
2 3 868
0 0 250
0 0 469
2 2 682
0 0 241
0 0 313
0 0 88
0 0 253
0 0 535
0 0 796
1 1 406
0 0 349
1 1 217
1 1 271
0 0 43
0 0 340
0 0 112
0 0 1105
1 1 214
0 0 211
0 0 52
0 0 178
0 0 79
0 0 31
1 1 229
1 1 97
0 0 88
0 0 49
0 0 64
0 0 124
1 1 1354
0 0 160
0 0 79
0 0 328
2 4 1246
0 0 169
0 0 157
0 0 148
0 0 181
0 0 73
0 0 259
1 12 958
0 0 82
2 2 886
0 0 760
1 2 274
1 7 703
0 0 82
0 0 58
1 7 541
1 1 262
1 15 1978
1 1 1132
1 1 211
0 0 76
0 0 13
0 0 178
0 0 238
1 8 640
2 2 775
1 1 184
0 0 463
1 1 262
0 0 49
0 0 46
0 0 40
0 0 97
0 0 73
0 0 259
1 3 601
0 0 73
1 1 277
0 0 106
0 0 124
0 0 283
0 0 283
0 0 313
0 0 178
0 0 109
1 1 157
1 1 172
0 0 37
1 1 148
0 0 349
0 0 172
0 0 52
0 0 67
0 0 85
0 0 115
0 0 259
0 0 133
0 0 181
1 1 340
0 0 283
0 0 103
0 0 190
0 0 175
0 0 259
0 0 208
0 0 181
1 1 337
0 0 328
1 1 523
0 0 322
1 2 433
0 0 298
0 0 259
0 0 79
1 1 382
0 0 196
0 0 223
0 0 166
0 0 145
0 0 121
0 0 292
0 0 70
0 0 169
0 0 283
0 0 148
0 0 100
0 0 55
0 0 202
0 0 202
1 1 361
0 0 298
0 0 124
0 0 328
0 0 430
2 2 856
0 0 181
0 0 460
0 0 493
0 0 172
0 0 316
0 0 94
0 0 268
0 0 538
0 0 823
1 1 388
0 0 349
1 1 241
0 0 58
0 0 43
0 0 367
0 0 142
0 0 208
0 0 94
0 0 190
0 0 58
0 0 70
1 1 91
0 0 85
0 0 109
0 0 64
0 0 184
0 0 166
0 0 130
0 0 196
0 0 73
0 0 274
1 12 958
0 0 82
2 2 961
0 0 787
0 0 190
0 0 79
1 1 286
0 0 271
0 0 106
0 0 262
0 0 130
0 0 292
0 0 97
0 0 181
0 0 391
0 0 70
0 0 157
1 1 850
0 0 1051
1 1 313
1 1 487
0 0 1057
0 0 193
0 0 394
0 0 193
0 0 394
1 1 226
0 0 316
1 1 310
0 0 103
1 1 391
1 4 779
1 1 452
0 0 130
1 1 325
0 0 325
0 0 214
0 0 316
0 0 220
1 1 169
1 2 634
0 0 283
0 0 112
1 3 838
1 1 700
1 2 670
1 1 304
0 0 226
0 0 115
0 0 121
0 0 130
1 2 370
1 3 955
1 1 259
0 0 148
0 0 34
0 0 55
0 0 127
0 0 208
0 0 280
0 0 211
0 0 154
1 2 226
0 0 187
1 1 265
1 1 544
0 0 172
0 0 100
0 0 67
0 0 193
0 0 118
2 3 601
0 0 442
1 1 490
1 1 694
0 0 58
0 0 415
0 0 283
0 0 178
0 0 82
0 0 241
1 4 1492
1 2 430
0 0 88
0 0 19
0 0 88
0 0 175
0 0 190
1 1 217
0 0 262
1 3 589
1 4 628
0 0 139
0 0 157
0 0 352
0 0 298
1 2 469
0 0 703
0 0 94
0 0 178
0 0 130
1 1 496
0 0 115
0 0 103
0 0 154
0 0 226
1 3 889
1 2 463
1 1 220
0 0 142
0 0 79
0 0 46
0 0 25
1 1 595
0 0 67
0 0 67
0 0 124
0 0 160
0 0 187
0 0 199
1 1 544
0 0 172
1 1 196
0 0 70
0 0 199
0 0 121
0 0 313
0 0 169
0 0 157
1 1 121
0 0 67
0 0 70
0 0 190
0 0 88
1 4 868
1 1 661
1 2 619
1 1 283
0 0 226
0 0 115
0 0 121
0 0 130
1 2 370
1 8 895
1 2 427
0 0 25
0 0 94
0 0 7
0 0 22
0 0 370
0 0 85
0 0 22
0 0 7
1 4 712
1 2 757
1 2 544
1 1 292
2 7 1519
0 0 148
0 0 181
0 0 76
0 0 133
0 0 178
0 0 160
1 8 571
0 0 361
2 5 1387
0 0 193
1 1 265
1 1 380
1 1 319
0 0 85
2 3 826
2 2 391
1 1 628
1 2 679
0 0 268
1 1 409
1 4 1585
1 2 859
1 1 532
1 3 991
1 1 238
0 0 139
1 1 205
1 1 350
0 0 103
0 0 157
1 4 730
1 2 649
0 0 241
1 2 529
1 3 1105
0 0 352
1 2 607
0 0 256
0 0 394
1 1 331
1 1 371
0 0 103
0 0 163
1 3 805
0 0 268
0 0 394
1 1 292
0 0 148
0 0 34
0 0 55
0 0 142
0 0 208
0 0 217
0 0 160
0 0 58
0 0 430
0 0 298
0 0 187
0 0 82
0 0 241
1 2 706
0 0 457
0 0 334
0 0 341
0 0 94
0 0 257
0 0 356
1 1 145
0 0 161
1 1 509
0 0 94
0 0 177
1 1 164
1 1 459
0 0 92
1 1 247
0 0 181
0 0 287
0 0 115
0 0 382
1 2 466
0 0 79
0 0 106
0 0 19
1 1 476
0 0 269
0 0 94
0 0 163
0 0 118
0 0 334
0 0 252
0 0 454
0 0 277
0 0 31
0 0 148
0 0 67
0 0 85
0 0 85
0 0 109
0 0 115
0 0 88
0 0 148
1 2 208
1 1 145
0 0 139
1 1 289
1 1 424
0 0 145
0 0 199
0 0 61
0 0 19
0 0 16
0 0 214
0 0 385
0 0 313
0 0 328
0 0 229
0 0 127
0 0 175
0 0 94
0 0 184
0 0 136
0 0 259
0 0 151
0 0 319
0 0 277
0 0 22
0 0 79
0 0 85
0 0 175
0 0 199
0 0 148
0 0 217
0 0 7
0 0 22
0 0 40
0 0 172
0 0 229
0 0 118
0 0 64
0 0 106
0 0 91
0 0 100
0 0 211
0 0 145
0 0 118
0 0 160
0 0 85
0 0 7
0 0 7
0 0 22
0 0 25
0 0 25
0 0 55
0 0 25
0 0 43
0 0 28
0 0 37
0 0 25
0 0 34
0 0 16
0 0 130
0 0 103
0 0 130
0 0 67
0 0 247
0 0 112
0 0 178
0 0 103
0 0 79
0 0 157
0 0 82
0 0 115
0 0 49
0 0 91
0 0 268
0 0 196
0 0 172
0 0 196
0 0 136
0 0 130
0 0 103
0 0 199
1 1 100
1 1 305
0 0 112
0 0 202
0 0 142
1 1 79
1 1 314
0 0 217
0 0 142
1 1 292
1 1 232
0 0 229
0 0 127
0 0 103
0 0 142
0 0 124
0 0 16
0 0 46
0 0 34
0 0 7
0 0 7
0 0 34
0 0 127
0 0 115
0 0 160
0 0 52
0 0 175
0 0 130
0 0 193
0 0 142
0 0 82
0 0 46
0 0 112
0 0 91
0 0 124
0 0 127
0 0 100
0 0 55
0 0 154
0 0 103
0 0 164
0 0 76
0 0 61
1 3 316
1 2 748
1 1 121
1 1 103
0 0 49
0 0 205
0 0 43
0 0 77
1 1 199
0 0 49
0 0 103
1 1 259
0 0 169
1 1 277
1 1 361
0 0 64
0 0 331
0 0 250
0 0 223
0 0 130
0 0 244
0 0 157
0 0 166
0 0 199
0 0 331
0 0 238
0 0 91
0 0 47
0 0 91
0 0 47
0 0 88
0 0 47
0 0 46
0 0 25
1 1 361
0 0 232
0 0 169
0 0 262
0 0 133
0 0 85
0 0 187
0 0 115
0 0 133
1 1 148
0 0 373
0 0 163
0 0 196
0 0 88
0 0 139
1 2 562
0 0 64
1 2 511
0 0 52
1 1 406
0 0 157
0 0 247
0 0 214
0 0 409
1 2 383
0 0 396
2 2 460
1 1 349
1 1 328
0 0 142
0 0 88
0 0 76
0 0 55
0 0 184
0 0 67
0 0 193
0 0 319
0 0 265
0 0 430
0 0 196
0 0 121
0 0 163
0 0 103
0 0 43
0 0 61
0 0 16
0 0 52
0 0 154
0 0 301
0 0 184
1 1 372
0 0 275
0 0 173
1 1 434
0 0 311
1 1 320
0 0 94
0 0 219
0 0 366
0 0 198
0 0 139
0 0 106
0 0 151
0 0 281
0 0 130
0 0 151
1 1 497
0 0 289
0 0 182
0 0 157
0 0 103
0 0 248
0 0 136
0 0 100
0 0 317
0 0 241
0 0 130
0 0 151
1 2 503
0 0 290
0 0 203
0 0 330
0 0 242
0 0 187
0 0 299
1 1 311
1 2 599
1 1 392
0 0 320
0 0 229
0 0 310
0 0 568
0 0 379
0 0 355
0 0 265
0 0 112
0 0 417
0 0 230
0 0 553
0 0 194
0 0 146
0 0 319
1 1 364
0 0 323
0 0 284
0 0 373
0 0 175
0 0 175
1 1 298
0 0 239
0 0 112
0 0 202
0 0 115
0 0 193
1 1 310
1 1 145
1 1 193
0 0 157
0 0 295
0 0 169
0 0 232
0 0 181
0 0 250
0 0 433
0 0 262
0 0 319
0 0 208
1 3 487
0 0 274
0 0 349
1 1 145
0 0 667
0 0 115
1 1 404
0 0 292
0 0 133
0 0 719
0 0 382
0 0 118
0 0 388
0 0 433
0 0 214
0 0 373
0 0 355
0 0 256
0 0 112
0 0 420
0 0 230
0 0 544
0 0 121
0 0 326
1 2 482
1 9 3890
0 0 369
0 0 390
0 0 251
0 0 242
0 0 254
1 1 472
0 0 304
0 0 145
1 3 496
1 5 1439
1 1 386
0 0 109
0 0 334
1 2 331
0 0 217
0 0 286
1 1 145
0 0 510
0 0 220
0 0 133
0 0 836
0 0 379
0 0 118
0 0 262
0 0 262
0 0 229
0 0 355
1 2 277
1 2 517
0 0 118
0 0 211
0 0 247
0 0 172
0 0 295
1 1 421
1 1 565
0 0 451
0 0 175
0 0 280
0 0 271
0 0 103
1 2 694
1 1 256
5 9 1189
1 1 532
0 0 154
0 0 148
0 0 247
0 0 202
0 0 226
1 1 655
0 0 328
0 0 241
0 0 433
1 1 223
0 0 205
0 0 223
0 0 181
0 0 244
1 1 175
0 0 651
1 1 666
1 1 523
0 0 271
0 0 166
0 0 286
1 3 949
0 0 118
0 0 124
0 0 61
0 0 442
0 0 199
0 0 325
1 2 424
1 1 385
0 0 538
0 0 154
0 0 55
1 1 292
0 0 55
1 1 264
0 0 40
0 0 601
2 5 1036
1 1 604
0 0 40
1 1 118
0 0 100
0 0 145
1 3 841
0 0 313
0 0 382
1 1 439
0 0 352
0 0 163
1 2 1105
1 1 355
0 0 343
0 0 55
0 0 247
0 0 46
0 0 304
0 0 55
0 0 67
0 0 28
0 0 202
0 0 175
0 0 520
1 2 283
0 0 409
1 1 244
0 0 556
0 0 664
0 0 175
1 1 604
1 1 211
0 0 178
0 0 46
1 2 739
0 0 250
0 0 250
0 0 154
0 0 679
0 0 196
1 1 277
1 1 598
1 1 400
0 0 187
0 0 103
0 0 451
1 1 415
0 0 145
0 0 631
0 0 733
0 0 175
1 1 562
1 2 1012
0 0 463
0 0 397
0 0 232
0 0 346
1 1 412
0 0 292
1 1 193
0 0 70
0 0 46
1 1 439
1 1 334
0 0 223
0 0 223
0 0 127
0 0 553
0 0 196
1 2 292
0 0 292
0 0 151
1 1 184
0 0 13
0 0 58
0 0 16
0 0 226
2 8 553
0 0 121
0 0 124
0 0 181
0 0 454
0 0 187
1 1 676
0 0 340
1 1 421
0 0 187
0 0 19
0 0 19
0 0 25
0 0 7
0 0 19
0 0 25
0 0 19
0 0 25
0 0 55
0 0 19
0 0 34
1 1 97
1 1 112
1 1 100
2 2 403
1 1 202
0 0 61
1 1 406
1 1 190
1 1 283
0 0 277
0 0 265
0 0 211
0 0 100
0 0 124
0 0 412
0 0 415
1 1 520
0 0 292
2 4 796
0 0 100
1 1 433
0 0 181
0 0 514
0 0 88
0 0 469
0 0 142
0 0 193
0 0 331
1 1 223
2 3 1036
0 0 223
0 0 685
0 0 727
0 0 178
0 0 214
0 0 346
0 0 136
0 0 277
0 0 670
1 1 511
0 0 403
0 0 652
0 0 199
0 0 322
0 0 352
0 0 310
0 0 178
0 0 139
0 0 175
0 0 322
1 1 298
1 1 409
1 1 379
0 0 127
1 1 244
0 0 169
0 0 109
1 1 136
1 1 160
2 2 298
0 0 145
0 0 64
1 1 247
0 0 175
1 1 109
1 1 298
1 1 238
2 2 238
0 0 52
0 0 142
0 0 64
0 0 235
0 0 250
1 1 247
0 0 142
0 0 211
0 0 238
1 1 247
0 0 115
0 0 148
1 1 244
0 0 169
0 0 19
0 0 37
1 1 166
0 0 76
0 0 79
0 0 40
0 0 133
0 0 7
0 0 16
0 0 19
0 0 49
0 0 118
0 0 136
0 0 271
0 0 40
0 0 34
0 0 112
0 0 346
1 1 115
1 2 256
0 0 88
0 0 55
0 0 115
0 0 163
0 0 88
0 0 58
0 0 160
0 0 109
0 0 118
0 0 154
0 0 139
0 0 160
0 0 283
3 7 1222
1 2 502
0 0 325
0 0 124
0 0 130
1 1 232
1 4 1540
1 3 748
1 1 889
1 3 577
0 0 100
0 0 13
0 0 94
0 0 229
0 0 301
1 1 559
0 0 316
1 1 376
0 0 277
0 0 76
1 2 499
0 0 208
0 0 223
0 0 169
0 0 139
0 0 121
0 0 430
0 0 460
0 0 139
0 0 229
0 0 151
0 0 163
0 0 124
1 1 331
0 0 121
1 1 241
0 0 277
0 0 115
0 0 124
0 0 388
0 0 325
0 0 169
0 0 67
0 0 94
0 0 85
0 0 199
0 0 121
0 0 352
0 0 148
1 1 238
0 0 145
0 0 73
0 0 79
0 0 286
0 0 142
0 0 151
0 0 289
1 1 505
0 0 157
0 0 151
0 0 172
0 0 226
0 0 499
0 0 106
0 0 184
1 1 328
1 1 412
0 0 181
0 0 244
0 0 313
0 0 499
0 0 280
0 0 454
0 0 76
1 1 415
1 1 439
0 0 163
0 0 418
0 0 193
1 1 571
0 0 199
0 0 46
1 1 277
0 0 73
0 0 34
0 0 142
1 1 185
0 0 193
0 0 322
2 3 886
0 0 235
0 0 427
0 0 535
0 0 226
0 0 346
2 2 535
0 0 130
0 0 556
0 0 622
0 0 355
0 0 310
0 0 133
0 0 85
0 0 94
0 0 184
0 0 43
0 0 502
0 0 325
0 0 82
0 0 109
0 0 196
0 0 157
0 0 145
1 2 292
1 1 757
1 1 223
0 0 199
0 0 46
1 2 916
0 0 274
0 0 274
0 0 166
0 0 727
0 0 205
0 0 196
1 1 544
0 0 40
0 0 103
0 0 100
0 0 202
0 0 154
0 0 232
1 1 274
1 1 622
1 1 412
0 0 79
1 5 1351
1 1 361
1 1 406
0 0 100
0 0 475
1 1 427
0 0 76
1 1 553
0 0 232
0 0 127
1 1 544
0 0 1237
0 0 202
0 0 316
1 1 205
0 0 91
0 0 46
1 1 475
1 1 358
0 0 247
0 0 247
0 0 139
0 0 601
0 0 196
0 0 214
0 0 7
0 0 16
2 2 223
0 0 52
0 0 226
0 0 232
1 2 472
0 0 262
0 0 106
0 0 148
1 1 535
0 0 13
0 0 58
0 0 16
2 8 565
0 0 136
0 0 361
0 0 211
0 0 199
0 0 25
0 0 163
0 0 289
0 0 265
0 0 100
0 0 436
0 0 325
0 0 367
0 0 319
0 0 457
1 1 1063
2 3 1606
0 0 1630
1 1 586
1 1 268
0 0 202
1 1 163
0 0 121
1 1 148
1 1 172
2 2 310
0 0 145
0 0 64
1 1 271
0 0 202
1 1 121
0 0 109
1 1 91
2 2 250
0 0 52
0 0 142
0 0 64
0 0 259
0 0 430
1 2 349
1 1 139
2 2 205
0 0 103
0 0 103
1 1 235
1 1 550
0 0 148
0 0 106
1 1 319
0 0 316
0 0 196
0 0 121
0 0 157
0 0 160
0 0 169
0 0 130
0 0 238
0 0 151
0 0 49
2 2 397
1 2 409
1 1 307
1 1 400
1 1 313
0 0 97
1 2 568
0 0 154
1 1 502
0 0 250
0 0 124
0 0 109
0 0 172
0 0 199
0 0 91
0 0 229
2 2 298
0 0 160
0 0 55
0 0 34
0 0 52
0 0 64
0 0 40
0 0 94
1 2 283
1 2 421
0 0 70
0 0 421
0 0 40
0 0 34
0 0 184
0 0 328
0 0 130
1 1 226
1 1 358
1 7 1297
0 0 130
0 0 115
1 1 271
0 0 178
0 0 85
0 0 115
0 0 79
0 0 115
0 0 121
0 0 28
0 0 31
0 0 367
0 0 235
0 0 187
0 0 214
0 0 91
0 0 43
0 0 43
0 0 106
0 0 58
0 0 16
0 0 94
0 0 22
1 1 187
0 0 49
1 1 208
1 1 118
1 4 295
0 0 46
0 0 310
0 0 190
2 2 547
1 2 481
0 0 58
1 1 265
0 0 475
0 0 322
0 0 136
0 0 70
1 1 412
1 2 481
0 0 400
1 1 529
0 0 151
0 0 274
0 0 241
1 2 301
0 0 328
1 1 385
0 0 142
0 0 130
0 0 160
0 0 40
0 0 34
0 0 34
0 0 64
0 0 40
0 0 94
1 2 268
0 0 100
0 0 70
0 0 340
0 0 40
0 0 34
0 0 157
0 0 103
0 0 328
0 0 130
1 1 226
1 1 358
1 7 1297
0 0 130
0 0 115
1 3 421
0 0 130
0 0 49
0 0 70
0 0 115
0 0 91
0 0 121
0 0 31
0 0 88
0 0 367
0 0 235
0 0 187
0 0 208
0 0 91
0 0 37
0 0 43
0 0 94
0 0 52
0 0 16
0 0 88
0 0 22
1 1 181
0 0 49
1 1 202
1 1 118
1 4 295
0 0 46
0 0 181
0 0 178
0 0 115
0 0 148
1 1 526
0 0 298
1 1 250
0 0 352
0 0 76
1 2 517
0 0 196
0 0 256
0 0 103
0 0 94
0 0 142
0 0 313
0 0 121
1 1 403
0 0 355
0 0 136
1 2 337
1 3 1570
0 0 145
0 0 154
0 0 166
0 0 52
0 0 136
0 0 40
0 0 220
0 0 58
0 0 43
0 0 49
0 0 40
0 0 370
0 0 103
1 2 871
0 0 145
2 3 1615
0 0 559
1 1 355
0 0 619
0 0 7
0 0 265
1 2 304
0 0 148
0 0 139
1 1 244
0 0 151
0 0 76
0 0 82
0 0 280
0 0 142
0 0 151
0 0 289
1 1 511
0 0 157
0 0 151
0 0 172
2 3 1117
0 0 400
0 0 232
0 0 166
0 0 175
0 0 307
0 0 148
0 0 259
0 0 391
2 4 913
0 0 142
0 0 256
2 18 2986
2 15 5098
2 3 508
0 0 166
0 0 346
1 1 391
0 0 193
0 0 337
1 1 376
0 0 235
1 1 730
0 0 256
0 0 508
2 2 1066
0 0 355
0 0 397
0 0 319
1 6 820
0 0 103
0 0 187
1 1 607
1 1 127
0 0 145
0 0 133
0 0 229
0 0 223
0 0 199
0 0 169
1 1 250
0 0 400
1 2 394
0 0 76
0 0 145
0 0 130
1 1 232
1 1 1030
1 1 331
0 0 112
0 0 133
1 1 274
1 3 724
1 1 385
1 1 460
0 0 205
0 0 310
0 0 184
0 0 61
0 0 19
0 0 121
0 0 46
0 0 94
0 0 100
1 1 88
0 0 13
0 0 46
0 0 196
0 0 166
0 0 70
0 0 202
1 1 454
0 0 232
0 0 142
1 3 589
1 1 439
0 0 112
0 0 52
0 0 52
0 0 49
0 0 121
1 1 253
0 0 196
0 0 67
0 0 127
0 0 124
0 0 256
0 0 457
0 0 382
0 0 205
0 0 484
0 0 313
0 0 277
0 0 313
0 0 283
0 0 235
0 0 199
0 0 502
0 0 139
0 0 115
0 0 331
1 2 985
2 3 550
0 0 106
0 0 121
0 0 310
0 0 427
0 0 316
0 0 151
0 0 340
0 0 145
0 0 133
0 0 316
0 0 214
0 0 154
1 1 211
0 0 61
0 0 190
1 1 163
0 0 403
0 0 331
1 2 451
0 0 109
1 1 349
0 0 481
0 0 370
2 3 442
0 0 130
0 0 244
0 0 454
0 0 277
0 0 124
1 1 256
2 2 352
0 0 94
0 0 76
0 0 217
0 0 298
0 0 76
1 1 265
0 0 772
0 0 334
1 1 418
0 0 43
0 0 127
0 0 358
0 0 49
0 0 139
0 0 70
0 0 229
0 0 91
0 0 91
0 0 28
0 0 37
1 1 103
0 0 166
0 0 601
0 0 847
0 0 409
0 0 160
0 0 190
0 0 85
0 0 178
0 0 121
2 2 406
0 0 226
0 0 256
0 0 199
0 0 133
0 0 70
0 0 196
0 0 115
0 0 499
0 0 706
0 0 367
0 0 247
1 1 520
1 1 226
1 1 265
0 0 256
0 0 142
2 2 958
0 0 142
0 0 301
0 0 253
0 0 100
0 0 61
0 0 259
1 1 562
1 1 226
0 0 187
0 0 535
1 2 385
0 0 304
0 0 157
0 0 280
0 0 67
0 0 115
1 1 415
0 0 442
0 0 130
1 1 376
0 0 148
0 0 265
0 0 214
0 0 274
0 0 244
0 0 295
0 0 361
0 0 175
0 0 193
0 0 127
1 1 268
0 0 175
1 6 1141
0 0 160
0 0 400
1 1 442
0 0 67
0 0 379
0 0 118
0 0 478
0 0 307
1 4 496
0 0 37
0 0 91
0 0 139
0 0 172
1 3 965
1 4 1234
0 0 421
0 0 745
0 0 118
0 0 70
1 1 310
1 1 76
1 1 85
1 1 91
1 1 85
0 0 305
1 1 611
1 1 313
1 1 130
0 0 187
1 1 310
0 0 154
0 0 115
1 1 145
1 2 316
1 2 382
1 2 496
0 0 79
0 0 103
1 1 160
0 0 115
0 0 196
0 0 304
0 0 178
0 0 349
0 0 331
0 0 193
0 0 442
0 0 154
1 1 181
1 1 460
0 0 85
0 0 55
0 0 79
0 0 127
1 2 331
0 0 154
1 2 541
1 2 382
1 1 178
1 1 295
1 1 364
0 0 154
0 0 226
0 0 49
0 0 136
0 0 397
0 0 79
0 0 121
1 3 787
1 7 1693
1 2 625
1 2 727
1 1 181
0 0 421
0 0 676
1 2 328
1 1 310
0 0 151
1 1 214
1 1 268
0 0 127
0 0 106
0 0 97
0 0 58
1 1 232
1 1 499
0 0 106
0 0 163
0 0 127
0 0 103
1 2 211
1 1 739
0 0 196
0 0 433
0 0 436
0 0 154
1 1 205
1 2 340
1 1 268
1 2 649
1 1 232
1 1 232
0 0 109
0 0 115
0 0 133
0 0 121
0 0 127
0 0 343
0 0 211
0 0 94
0 0 157
0 0 208
1 2 814
0 0 100
0 0 160
0 0 94
1 1 193
0 0 190
1 1 442
0 0 217
0 0 199
0 0 202
0 0 163
0 0 217
0 0 58
0 0 100
0 0 172
0 0 148
1 1 532
0 0 169
0 0 28
1 1 166
0 0 28
0 0 34
0 0 28
1 2 361
0 0 22
0 0 325
0 0 325
0 0 55
0 0 25
0 0 58
0 0 67
0 0 163
1 3 805
0 0 25
0 0 97
1 1 55
0 0 259
0 0 31
0 0 142
0 0 313
0 0 37
0 0 34
0 0 34
0 0 37
1 1 508
0 0 34
1 1 298
0 0 259
0 0 178
0 0 82
0 0 118
0 0 391
0 0 319
0 0 127
0 0 118
0 0 721
1 3 1300
1 2 1102
1 1 496
0 0 823
1 3 1537
0 0 295
0 0 49
0 0 265
0 0 49
0 0 289
0 0 49
0 0 211
0 0 238
0 0 73
0 0 40
0 0 151
0 0 31
0 0 157
0 0 220
0 0 319
1 1 1078
1 3 610
2 3 469
0 0 115
0 0 115
0 0 124
0 0 103
2 5 988
1 2 664
0 0 133
1 1 355
0 0 202
0 0 112
0 0 121
0 0 277
0 0 151
0 0 445
1 1 565
0 0 277
2 16 5326
0 0 91
0 0 7
0 0 160
0 0 109
0 0 205
0 0 124
0 0 478
0 0 136
0 0 316
0 0 1162
0 0 190
0 0 274
1 2 448
2 10 1861
0 0 205
0 0 487
1 1 436
1 2 418
0 0 97
0 0 154
0 0 133
0 0 373
1 2 679
0 0 112
1 1 115
0 0 157
0 0 91
1 2 478
0 0 181
0 0 109
1 1 454
1 1 262
1 1 268
1 1 319
1 1 388
1 1 712
0 0 82
0 0 94
1 1 256
1 1 163
1 3 682
1 2 697
1 1 256
2 5 814
1 1 250
1 1 484
0 0 178
2 2 319
0 0 7
0 0 361
0 0 292
0 0 73
0 0 181
0 0 229
0 0 151
0 0 151
0 0 181
0 0 142
0 0 142
0 0 157
0 0 97
0 0 115
0 0 139
0 0 145
0 0 280
0 0 556
0 0 385
0 0 202
0 0 400
1 4 568
0 0 184
1 1 454
0 0 418
0 0 220
0 0 499
0 0 184
0 0 145
0 0 82
0 0 202
0 0 91
0 0 82
0 0 196
0 0 232
1 5 2275
1 1 190
1 1 256
1 1 289
1 1 172
0 0 91
0 0 46
1 1 220
1 1 262
0 0 64
0 0 154
0 0 133
0 0 52
0 0 121
0 0 130
0 0 106
0 0 94
0 0 136
0 0 148
0 0 133
0 0 121
0 0 187
0 0 109
0 0 70
0 0 91
0 0 187
0 0 103
1 2 520
0 0 103
0 0 232
0 0 211
1 2 454
0 0 301
1 1 430
0 0 247
1 1 307
1 2 649
1 2 271
0 0 133
0 0 79
1 3 982
1 1 727
0 0 700
1 1 211
2 6 928
1 1 343
0 0 112
0 0 103
0 0 76
0 0 79
0 0 358
0 0 250
0 0 364
0 0 244
0 0 151
1 1 250
0 0 190
0 0 409
0 0 157
0 0 172
0 0 139
0 0 133
0 0 325
0 0 247
1 1 458
0 0 262
0 0 542
0 0 253
0 0 181
0 0 202
0 0 214
1 1 454
1 1 508
1 1 508
2 5 1465
1 3 1198
0 0 76
1 3 1489
0 0 76
0 0 478
0 0 478
0 0 454
0 0 115
1 2 764
1 2 530
1 1 395
1 3 968
1 2 605
1 2 792
0 0 179
0 0 254
1 3 956
2 2 373
1 2 520
3 6 1327
2 3 889
0 0 595
0 0 247
1 1 241
0 0 445
1 2 631
1 1 712
0 0 763
0 0 238
0 0 421
1 1 838
0 0 64
0 0 499
0 0 244
0 0 211
0 0 250
0 0 223
0 0 226
0 0 145
0 0 244
0 0 283
0 0 43
1 1 88
1 1 88
2 4 616
1 2 640
1 1 439
1 3 691
2 2 646
0 0 157
0 0 235
1 1 370
1 3 469
2 5 613
0 0 139
1 2 586
1 1 241
0 0 247
0 0 193
0 0 136
0 0 724
2 6 988
1 1 577
1 1 685
0 0 418
1 2 616
1 1 724
0 0 238
1 2 1012
0 0 175
0 0 247
0 0 181
1 1 313
0 0 385
1 1 772
1 1 457
0 0 640
0 0 337
0 0 415
0 0 445
0 0 142
1 2 793
1 1 682
0 0 412
0 0 688
1 1 445
1 2 817
0 0 523
1 1 205
1 1 715
1 1 190
0 0 229
1 1 205
1 1 820
0 0 307
0 0 355
1 1 418
0 0 322
0 0 268
1 1 478
1 1 295
0 0 664
0 0 199
1 1 271
0 0 259
0 0 130
0 0 166
0 0 274
0 0 256
0 0 391
0 0 451
1 1 319
0 0 220
0 0 265
0 0 220
0 0 355
1 6 1483
1 1 298
0 0 325
0 0 208
1 4 640
1 1 544
1 2 190
2 3 613
0 0 232
0 0 256
0 0 289
0 0 148
0 0 238
0 0 376
0 0 373
0 0 175
0 0 304
0 0 346
0 0 364
0 0 313
0 0 364
0 0 157
0 0 448
0 0 298
0 0 238
0 0 262
0 0 454
0 0 163
0 0 268
0 0 166
0 0 379
0 0 235
0 0 451
0 0 391
0 0 232
0 0 424
0 0 238
0 0 349
2 6 922
0 0 286
1 1 406
0 0 334
2 4 634
0 0 364
1 2 1060
1 1 421
1 1 550
1 1 475
1 1 544
0 0 547
0 0 286
0 0 517
0 0 310
0 0 286
0 0 124
0 0 220
1 4 790
1 1 469
0 0 187
0 0 400
1 2 466
0 0 325
2 6 1051
1 1 601
1 1 484
0 0 352
0 0 298
0 0 415
0 0 199
0 0 214
0 0 196
0 0 241
0 0 232
0 0 406
0 0 472
0 0 400
0 0 463
0 0 580
0 0 259
0 0 271
0 0 463
0 0 274
0 0 370
0 0 535
0 0 232
0 0 484
0 0 367
1 1 484
0 0 169
0 0 280
0 0 253
0 0 769
0 0 100
0 0 349
0 0 955
0 0 613
0 0 994
0 0 841
0 0 655
1 1 193
0 0 286
1 1 460
0 0 586
2 3 625
0 0 304
0 0 343
1 1 415
0 0 400
0 0 421
0 0 292
1 1 496
0 0 187
0 0 247
0 0 178
1 1 343
0 0 211
0 0 304
0 0 364
1 1 541
0 0 250
0 0 349
0 0 382
0 0 7
1 1 274
0 0 7
0 0 196
0 0 139
0 0 175
0 0 151
0 0 490
0 0 250
0 0 142
0 0 358
0 0 64
1 1 133
0 0 148
0 0 241
1 1 115
1 2 4450
0 0 367
0 0 601
0 0 226
0 0 115
0 0 142
0 0 97
0 0 133
1 3 886
1 1 193
1 2 190
0 0 67
0 0 97
2 4 859
0 0 25
2 7 1222
1 1 703
0 0 307
1 1 556
0 0 214
1 3 603
1 1 589
1 1 523
0 0 247
1 3 838
0 0 367
1 3 919
1 1 391
0 0 523
0 0 493
1 2 982
0 0 583
0 0 103
1 4 889
0 0 385
1 3 952
1 1 388
1 1 520
1 1 757
1 1 493
0 0 232
0 0 511
0 0 205
1 1 352
0 0 298
1 1 757
0 0 412
1 1 310
0 0 184
1 1 442
0 0 373
0 0 229
0 0 280
1 1 139
1 1 400
1 2 517
1 1 421
0 0 208
0 0 379
0 0 421
1 1 124
1 2 4903
0 0 376
0 0 610
0 0 226
0 0 115
0 0 118
0 0 133
1 13 2776
0 0 67
1 1 340
0 0 4
0 0 115
1 1 109
0 0 97
1 1 334
0 0 13
1 1 58
0 0 28
0 0 133
0 0 460
0 0 4
0 0 85
0 0 250
1 1 133
0 0 133
0 0 280
1 3 559
2 7 1018
0 0 142
1 2 634
1 1 643
1 2 583
1 1 706
0 0 445
0 0 787
0 0 325
0 0 343
0 0 298
0 0 469
0 0 565
1 1 376
0 0 160
0 0 484
1 1 109
1 1 439
0 0 115
0 0 160
1 1 172
0 0 388
1 2 514
1 1 325
0 0 124
0 0 133
0 0 115
0 0 133
0 0 67
0 0 67
0 0 67
0 0 109
0 0 4
0 0 163
0 0 100
1 1 190
0 0 124
1 1 178
0 0 235
0 0 124
0 0 73
1 1 172
0 0 97
1 1 508
0 0 55
1 2 505
0 0 376
1 1 139
0 0 205
1 1 460
0 0 283
1 1 187
0 0 640
0 0 67
0 0 247
0 0 166
0 0 190
0 0 133
0 0 133
0 0 67
0 0 97
0 0 4
0 0 109
1 1 148
0 0 271
1 1 367
0 0 124
0 0 67
1 1 115
0 0 247
0 0 133
0 0 178
2 3 418
1 2 475
0 0 277
1 2 517
0 0 142
0 0 307
1 1 631
1 1 379
1 2 526
1 1 295
0 0 214
0 0 235
0 0 217
1 1 211
0 0 256
0 0 106
1 1 442
1 3 568
0 0 220
0 0 283
0 0 223
0 0 115
0 0 106
0 0 130
0 0 178
1 1 376
0 0 124
0 0 484
0 0 67
0 0 115
0 0 124
0 0 133
0 0 79
0 0 133
0 0 133
0 0 274
0 0 133
0 0 97
0 0 4
0 0 49
0 0 82
1 1 298
0 0 406
0 0 1945
0 0 145
0 0 133
1 3 1909
1 1 1297
0 0 241
1 1 172
3 18 3043
2 3 682
2 3 670
0 0 124
1 1 439
0 0 124
0 0 394
1 1 106
0 0 97
1 4 1150
0 0 28
1 1 370
0 0 124
0 0 370
0 0 67
1 1 256
0 0 280
0 0 76
0 0 133
1 1 172
1 1 430
0 0 346
0 0 124
0 0 67
0 0 133
0 0 91
1 1 172
0 0 109
2 7 1141
0 0 94
2 6 2347
0 0 28
2 4 679
0 0 193
0 0 7
0 0 79
0 0 28
0 0 73
0 0 22
0 0 127
0 0 7
0 0 16
0 0 19
0 0 49
0 0 154
0 0 130
0 0 136
1 2 310
0 0 136
0 0 193
1 2 646
1 1 187
0 0 85
0 0 43
0 0 247
1 2 487
0 0 118
1 4 685
0 0 130
1 1 232
1 4 2023
1 1 418
1 2 1042
1 1 454
0 0 169
1 2 742
1 1 415
0 0 25
0 0 298
0 0 169
0 0 100
0 0 157
0 0 139
0 0 181
0 0 154
0 0 40
0 0 124
0 0 127
0 0 40
0 0 205
1 5 619
0 0 199
1 1 439
1 2 862
1 1 550
1 7 1447
0 0 238
0 0 127
0 0 19
0 0 16
0 0 136
0 0 19
0 0 22
0 0 79
0 0 7
0 0 31
0 0 28
0 0 118
0 0 10
0 0 13
1 1 160
0 0 7
0 0 124
0 0 73
0 0 28
0 0 97
0 0 7
2 2 190
0 0 232
0 0 37
0 0 31
0 0 34
0 0 82
0 0 55
0 0 22
0 0 82
0 0 16
0 0 106
0 0 31
1 3 490
0 0 208
0 0 16
0 0 16
0 0 13
0 0 13
0 0 13
0 0 13
0 0 19
0 0 10
0 0 298
0 0 28
0 0 13
1 1 157
0 0 28
0 0 7
0 0 19
0 0 28
1 1 73
0 0 16
1 2 175
0 0 31
0 0 28
1 1 109
1 2 172
0 0 28
0 0 34
0 0 16
1 2 178
1 2 190
0 0 34
1 1 73
1 1 85
0 0 58
1 1 133
0 0 7
0 0 19
0 0 55
0 0 16
0 0 34
0 0 43
0 0 22
0 0 19
0 0 28
0 0 28
0 0 16
0 0 19
0 0 94
0 0 91
0 0 28
0 0 7
0 0 19
0 0 28
0 0 10
2 2 613
0 0 25
0 0 7
0 0 16
0 0 25
0 0 139
0 0 10
0 0 58
0 0 157
1 1 85
0 0 40
0 0 25
1 1 121
0 0 55
0 0 19
1 1 115
0 0 64
0 0 52
0 0 103
1 5 829
0 0 208
0 0 13
0 0 13
0 0 19
0 0 10
0 0 334
0 0 16
0 0 13
1 1 139
1 1 136
0 0 19
0 0 22
0 0 43
0 0 16
0 0 25
0 0 142
2 2 286
0 0 7
1 1 124
0 0 25
0 0 142
0 0 10
0 0 22
0 0 16
0 0 7
0 0 16
0 0 25
0 0 7
0 0 16
0 0 25
0 0 34
0 0 16
0 0 34
0 0 10
0 0 16
0 0 37
2 2 265
0 0 25
1 1 106
0 0 7
0 0 25
0 0 37
0 0 79
0 0 28
0 0 13
0 0 19
0 0 19
0 0 115
0 0 28
0 0 28
0 0 58
0 0 106
0 0 73
0 0 28
0 0 25
0 0 13
0 0 16
0 0 16
0 0 28
0 0 28
0 0 58
0 0 40
0 0 37
0 0 7
0 0 259
0 0 28
0 0 28
0 0 58
0 0 46
0 0 37
0 0 19
0 0 28
0 0 58
0 0 28
0 0 13
2 2 289
0 0 28
0 0 28
0 0 13
0 0 37
0 0 7
0 0 7
0 0 46
0 0 10
0 0 301
0 0 76
0 0 25
0 0 28
0 0 16
0 0 28
0 0 25
1 1 82
0 0 28
0 0 7
0 0 7
0 0 40
0 0 55
2 2 280
0 0 40
0 0 97
0 0 10
0 0 22
0 0 22
0 0 40
0 0 31
0 0 49
0 0 7
0 0 7
0 0 52
0 0 22
1 1 181
0 0 52
0 0 7
0 0 67
0 0 52
1 1 143
2 2 421
0 0 34
0 0 40
0 0 58
0 0 28
0 0 28
1 1 124
0 0 28
0 0 22
1 1 148
0 0 28
0 0 31
0 0 85
0 0 34
1 1 94
1 1 145
0 0 10
1 1 145
1 1 94
1 1 145
1 1 82
1 1 133
0 0 22
0 0 49
0 0 10
0 0 37
0 0 28
0 0 64
1 1 181
0 0 28
0 0 64
1 1 181
0 0 40
0 0 49
1 1 148
0 0 40
0 0 49
1 1 166
0 0 40
1 1 88
1 1 178
0 0 58
0 0 157
0 0 7
0 0 40
0 0 19
1 1 115
0 0 43
0 0 49
0 0 100
0 0 43
0 0 40
1 1 136
0 0 46
0 0 40
0 0 94
0 0 46
0 0 49
0 0 100
0 0 46
0 0 31
0 0 85
0 0 13
0 0 31
0 0 46
0 0 49
0 0 100
0 0 7
0 0 25
0 0 46
0 0 49
0 0 100
0 0 28
1 1 124
0 0 43
0 0 28
0 0 82
0 0 46
0 0 28
0 0 82
0 0 46
0 0 43
1 1 139
0 0 46
0 0 19
1 1 115
1 4 2608
0 0 73
0 0 373
1 1 271
0 0 271
2 2 397
0 0 118
0 0 79
0 0 97
0 0 139
0 0 187
1 1 319
0 0 340
1 1 343
1 1 229
0 0 235
1 2 274
0 0 241
0 0 28
0 0 13
1 1 157
0 0 22
0 0 79
0 0 28
0 0 7
0 0 19
0 0 28
0 0 19
0 0 16
1 0 13
1 0 31
0 0 28
0 0 31
0 0 28
0 0 34
1 2 235
0 0 28
1 0 13
1 0 214
0 0 34
0 0 7
0 0 19
0 0 13
0 0 13
0 0 28
0 0 13
0 0 13
0 0 94
1 1 472
0 0 28
0 0 7
0 0 19
0 0 13
0 0 13
0 0 28
0 0 13
0 0 13
0 0 37
0 0 13
0 0 13
0 0 28
0 0 19
0 0 10
0 0 28
0 0 19
0 0 10
0 0 10
2 2 535
0 0 25
0 0 13
0 0 13
0 0 58
0 0 157
0 0 7
0 0 40
0 0 25
1 1 124
0 0 40
0 0 19
1 1 118
0 0 13
0 0 13
0 0 40
0 0 19
1 1 118
0 0 64
0 0 52
0 0 106
0 0 97
0 0 172
1 1 541
1 1 157
0 0 241
0 0 28
0 0 13
1 1 157
1 1 70
1 1 127
0 0 28
0 0 13
0 0 13
0 0 16
2 2 148
0 0 28
0 0 31
1 2 229
0 0 28
0 0 28
0 0 103
0 0 19
0 0 19
0 0 10
0 0 43
0 0 13
0 0 13
0 0 28
1 3 205
1 3 262
0 0 52
0 0 13
0 0 13
0 0 28
0 0 40
1 1 178
0 0 13
0 0 13
0 0 28
0 0 13
0 0 13
0 0 40
1 1 178
0 0 28
0 0 13
0 0 13
0 0 28
0 0 19
0 0 10
0 0 25
0 0 13
0 0 13
0 0 58
0 0 157
0 0 7
0 0 40
0 0 19
1 1 118
0 0 40
0 0 25
1 1 124
0 0 610
0 0 262
1 5 547
0 0 241
0 0 28
0 0 31
0 0 109
0 0 52
0 0 172
0 0 43
0 0 19
0 0 10
0 0 28
0 0 19
0 0 10
0 0 97
0 0 67
0 0 19
0 0 13
0 0 13
0 0 31
0 0 31
0 0 82
0 0 79
0 0 70
1 2 250
1 1 142
0 0 13
0 0 13
0 0 40
0 0 31
0 0 82
0 0 79
0 0 70
0 0 22
0 0 31
0 0 67
0 0 22
0 0 31
0 0 16
0 0 46
0 0 31
2 2 304
0 0 49
0 0 46
0 0 7
0 0 49
0 0 13
0 0 13
0 0 49
0 0 22
0 0 31
0 0 49
0 0 13
0 0 13
0 0 40
0 0 22
0 0 31
0 0 40
0 0 13
0 0 13
0 0 40
0 0 76
0 0 109
0 0 22
0 0 31
0 0 28
0 0 64
0 0 25
0 0 13
0 0 13
1 2 244
0 0 16
0 0 28
0 0 64
0 0 25
1 2 217
0 0 7
0 0 13
0 0 13
0 0 55
0 0 73
0 0 46
0 0 76
0 0 37
0 0 37
0 0 13
0 0 13
0 0 37
0 0 64
0 0 25
0 0 28
0 0 97
0 0 49
0 0 19
0 0 10
0 0 55
0 0 19
0 0 10
0 0 10
2 2 520
0 0 37
0 0 70
0 0 25
0 0 52
0 0 64
0 0 31
1 5 316
1 4 337
0 0 34
1 2 268
0 0 40
0 0 16
0 0 130
0 0 34
0 0 88
0 0 49
0 0 13
0 0 13
0 0 31
0 0 19
0 0 10
0 0 28
0 0 19
0 0 10
1 2 136
1 1 148
0 0 73
0 0 31
0 0 67
0 0 46
0 0 28
0 0 40
0 0 85
0 0 28
0 0 22
0 0 49
0 0 28
1 1 121
1 1 157
0 0 13
1 1 103
0 0 28
0 0 19
0 0 10
0 0 31
0 0 43
0 0 22
0 0 28
0 0 55
0 0 19
0 0 10
0 0 37
0 0 70
0 0 100
0 0 22
0 0 28
0 0 28
0 0 19
0 0 10
0 0 28
0 0 31
0 0 76
0 0 16
0 0 31
0 0 19
0 0 10
0 0 16
0 0 16
0 0 31
1 1 79
1 1 139
0 0 25
0 0 31
1 0 91
0 0 25
0 0 19
0 0 10
0 0 31
0 0 19
0 0 10
0 0 22
0 0 28
0 0 31
0 0 19
0 0 10
0 0 28
0 0 22
0 0 28
0 0 28
0 0 19
0 0 10
0 0 19
0 0 22
0 0 28
0 0 40
0 0 91
1 2 196
1 1 67
0 0 25
0 0 28
1 0 88
1 0 13
0 0 13
0 0 13
0 0 19
0 0 10
0 0 28
1 2 157
1 1 208
0 0 55
0 0 46
0 0 28
0 0 22
0 0 28
0 0 13
0 0 13
0 0 19
0 0 22
0 0 82
0 0 19
0 0 10
0 0 28
0 0 19
0 0 10
0 0 22
0 0 28
0 0 28
0 0 103
0 0 115
0 0 19
0 0 10
0 0 22
0 0 28
0 0 28
0 0 49
0 0 103
0 0 43
0 0 28
1 1 127
0 0 40
0 0 49
1 1 169
0 0 58
0 0 157
0 0 7
0 0 40
0 0 25
1 1 124
0 0 40
0 0 19
1 1 118
0 0 13
0 0 13
0 0 40
0 0 19
1 1 118
0 0 43
0 0 61
1 1 181
0 0 46
0 0 19
1 1 118
0 0 205
0 0 256
0 0 88
0 0 436
0 0 49
1 1 214
0 0 148
0 0 40
1 1 91
0 0 70
1 2 316
0 0 97
0 0 202
0 0 211
0 0 94
1 1 724
0 0 241
0 0 58
0 0 19
0 0 67
0 0 22
0 0 25
0 0 31
0 0 10
2 2 226
0 0 49
0 0 13
0 0 61
0 0 31
0 0 22
0 0 25
0 0 22
0 0 19
0 0 67
0 0 19
0 0 25
0 0 31
0 0 19
0 0 67
0 0 31
0 0 7
1 1 109
0 0 31
0 0 10
1 1 112
0 0 31
0 0 16
1 1 139
0 0 31
0 0 16
1 1 118
0 0 22
0 0 31
1 1 154
0 0 31
1 1 133
1 6 1246
0 0 241
0 0 40
1 1 103
0 0 46
0 0 55
0 0 13
0 0 49
2 3 604
1 1 226
0 0 7
0 0 31
0 0 22
0 0 25
0 0 142
0 0 13
0 0 31
0 0 25
0 0 10
0 0 40
0 0 28
0 0 7
0 0 40
0 0 13
0 0 13
0 0 22
0 0 217
0 0 19
2 2 619
0 0 7
0 0 31
0 0 94
0 0 16
0 0 31
0 0 13
0 0 13
0 0 31
2 4 619
1 1 154
0 0 31
0 0 13
0 0 13
0 0 22
0 0 109
1 1 82
0 0 85
0 0 13
0 0 13
0 0 28
0 0 22
1 1 151
0 0 34
0 0 37
1 1 133
0 0 34
0 0 22
1 1 151
0 0 40
0 0 82
1 1 121
0 0 40
0 0 19
0 0 106
1 2 349
1 1 169
1 1 238
0 0 256
1 3 574
2 2 1534
2 7 979
1 3 1063
1 1 592
1 1 469
1 1 1495
0 0 223
0 0 169
0 0 184
1 1 583
1 2 1260
0 0 639
0 0 612
0 0 589
0 0 394
1 1 361
1 1 1405
1 1 322
1 1 316
1 1 862
0 0 352
1 2 1432
0 0 361
1 4 979
0 0 133
0 0 166
0 0 331
0 0 127
0 0 106
0 0 184
0 0 133
0 0 112
2 5 1297
0 0 358
0 0 139
2 3 1120
1 1 436
0 0 421
0 0 301
0 0 61
0 0 64
0 0 40
1 1 490
0 0 244
0 0 85
0 0 145
0 0 139
0 0 241
0 0 193
0 0 250
0 0 244
0 0 361
0 0 517
0 0 289
0 0 361
0 0 361
0 0 925
2 3 1402
0 0 283
1 1 610
1 1 901
0 0 298
0 0 181
0 0 247
0 0 214
0 0 247
0 0 94
0 0 151
0 0 214
1 1 187
1 1 253
0 0 175
1 1 370
0 0 244
1 1 244
0 0 127
1 1 313
0 0 40
0 0 19
0 0 262
0 0 253
1 1 244
1 1 277
0 0 208
0 0 121
0 0 616
0 0 457
0 0 64
0 0 97
0 0 31
0 0 28
0 0 73
0 0 820
1 5 1645
0 0 67
1 1 367
0 0 124
0 0 85
1 1 178
0 0 97
2 19 4069
0 0 58
3 8 1651
2 5 1807
2 6 1363
1 1 139
0 0 205
1 1 430
0 0 124
0 0 226
0 0 94
0 0 67
0 0 97
1 6 1408
0 0 13
0 0 67
0 0 97
0 0 127
0 0 94
0 0 226
1 1 442
1 1 460
0 0 121
0 0 64
0 0 133
0 0 97
0 0 4
2 13 4498
0 0 94
1 1 367
0 0 148
0 0 250
0 0 52
0 0 616
1 1 172
0 0 133
0 0 97
0 0 4
2 18 5887
0 0 100
1 1 367
0 0 157
1 3 880
0 0 286
0 0 133
0 0 256
1 1 172
0 0 133
0 0 97
2 2 724
0 0 13
0 0 4
0 0 40
0 0 94
1 1 190
1 1 205
0 0 250
0 0 133
1 3 553
1 3 1444
1 2 523
1 4 634
1 4 1798
0 0 157
1 1 277
0 0 214
1 1 487
0 0 253
0 0 118
0 0 406
0 0 133
0 0 97
2 2 586
0 0 58
1 1 1294
0 0 94
0 0 514
1 1 367
1 1 172
0 0 226
0 0 79
1 1 172
0 0 97
0 0 133
0 0 97
0 0 79
0 0 13
4 8 3007
0 0 94
0 0 91
0 0 31
2 6 1255
2 8 1726
1 2 427
1 2 928
1 1 823
1 1 1210
1 3 1642
1 1 1198
1 1 370
1 2 265
0 0 652
0 0 271
0 0 139
0 0 97
0 0 55
0 0 13
0 0 52
0 0 94
0 0 97
0 0 94
1 1 208
1 1 205
0 0 70
0 0 97
1 1 196
0 0 13
0 0 133
0 0 97
2 5 1792
0 0 58
2 5 1297
0 0 94
0 0 1156
0 0 100
1 1 367
1 1 208
1 1 397
0 0 133
0 0 97
0 0 343
0 0 13
1 1 949
0 0 490
0 0 115
1 1 169
0 0 133
0 0 97
0 0 145
0 0 13
1 1 70
1 1 70
1 1 73
1 1 124
2 1 475
2 1 190
1 0 295
3 2 205
1 0 58
1 0 145
1 0 100
1 0 139
1 0 106
1 0 118
1 0 154
1 0 82
1 0 88
1 0 85
1 0 145
1 0 94
1 0 142
1 0 106
1 0 130
2 1 178
3 3 301
1 0 16
3 3 301
1 0 52
1 0 13
0 0 94
1 1 367
1 1 205
1 1 397
0 0 133
0 0 97
0 0 184
0 0 94
0 0 541
0 0 94
1 5 982
1 2 610
0 0 166
1 1 367
1 1 172
0 0 235
0 0 94
0 0 52
0 0 115
0 0 115
1 1 397
0 0 133
0 0 115
0 0 115
1 1 205
0 0 70
0 0 187
0 0 67
0 0 133
0 0 100
0 0 232
0 0 124
0 0 133
0 0 82
0 0 115
1 1 172
1 1 397
0 0 94
0 0 97
1 3 628
0 0 13
1 5 1543
0 0 55
1 2 481
0 0 115
1 2 502
0 0 73
0 0 97
1 1 961
0 0 13
9 49 7966
0 0 100
10 70 19312
0 0 82
0 0 139
0 0 97
0 0 31
0 0 13
1 1 172
1 1 396
